{
 "cells": [
  {
   "cell_type": "markdown",
   "metadata": {},
   "source": [
    "# Assignment Nov 2019 Machine Learning and Statistics - GMIT "
   ]
  },
  {
   "cell_type": "markdown",
   "metadata": {},
   "source": [
    "## Introduction and Overview"
   ]
  },
  {
   "cell_type": "markdown",
   "metadata": {},
   "source": [
    "This assignment concerns the well known Boston House Prices Dataset. The dataset was created from data taken by the US Census Service in 1978. It contains information about house pricing and other associated characteristics in Boston. More information can be seen in the following Print and Describe commands below. \n",
    "\n",
    "This assignment consists of the following sections:\n",
    "1. Loading the dataset and presenting it in some sort of readable/understandable format.\n",
    "2. Description - Descriptive statistics and plots to describe the dataset.\n",
    "3. Infer - Inferential statistics to analyse whether there is a significant difference in median house prices between those that are along the Charles river and those that are not.\n",
    "4. Predict - Create a neural network that can predict the median house price based on other variables in the dataset. "
   ]
  },
  {
   "cell_type": "code",
   "execution_count": 89,
   "metadata": {},
   "outputs": [],
   "source": [
    "# importing modules/libraries \n",
    "\n",
    "from sklearn.datasets import load_boston\n",
    "import numpy as np\n",
    "import scipy as sp\n",
    "import pandas as pd\n",
    "import seaborn as sns\n",
    "import matplotlib.pyplot as plt\n",
    "\n",
    "from pandas import set_option # to set precision\n",
    "from scipy import stats\n",
    "from ipykernel import kernelapp as app"
   ]
  },
  {
   "cell_type": "markdown",
   "metadata": {},
   "source": [
    "## Section 1 - Loading the Dataset"
   ]
  },
  {
   "cell_type": "code",
   "execution_count": 90,
   "metadata": {},
   "outputs": [],
   "source": [
    "boston = load_boston() # load the dataset built into sklearn"
   ]
  },
  {
   "cell_type": "code",
   "execution_count": 91,
   "metadata": {},
   "outputs": [
    {
     "name": "stdout",
     "output_type": "stream",
     "text": [
      "(506, 13)\n"
     ]
    }
   ],
   "source": [
    "print (boston.data.shape) # print the shape of it, what is it, what's in it"
   ]
  },
  {
   "cell_type": "markdown",
   "metadata": {},
   "source": [
    "So it looks like the dataset has 506 rows and 13 columns."
   ]
  },
  {
   "cell_type": "code",
   "execution_count": 92,
   "metadata": {
    "scrolled": true
   },
   "outputs": [
    {
     "name": "stdout",
     "output_type": "stream",
     "text": [
      ".. _boston_dataset:\n",
      "\n",
      "Boston house prices dataset\n",
      "---------------------------\n",
      "\n",
      "**Data Set Characteristics:**  \n",
      "\n",
      "    :Number of Instances: 506 \n",
      "\n",
      "    :Number of Attributes: 13 numeric/categorical predictive. Median Value (attribute 14) is usually the target.\n",
      "\n",
      "    :Attribute Information (in order):\n",
      "        - CRIM     per capita crime rate by town\n",
      "        - ZN       proportion of residential land zoned for lots over 25,000 sq.ft.\n",
      "        - INDUS    proportion of non-retail business acres per town\n",
      "        - CHAS     Charles River dummy variable (= 1 if tract bounds river; 0 otherwise)\n",
      "        - NOX      nitric oxides concentration (parts per 10 million)\n",
      "        - RM       average number of rooms per dwelling\n",
      "        - AGE      proportion of owner-occupied units built prior to 1940\n",
      "        - DIS      weighted distances to five Boston employment centres\n",
      "        - RAD      index of accessibility to radial highways\n",
      "        - TAX      full-value property-tax rate per $10,000\n",
      "        - PTRATIO  pupil-teacher ratio by town\n",
      "        - B        1000(Bk - 0.63)^2 where Bk is the proportion of blacks by town\n",
      "        - LSTAT    % lower status of the population\n",
      "        - MEDV     Median value of owner-occupied homes in $1000's\n",
      "\n",
      "    :Missing Attribute Values: None\n",
      "\n",
      "    :Creator: Harrison, D. and Rubinfeld, D.L.\n",
      "\n",
      "This is a copy of UCI ML housing dataset.\n",
      "https://archive.ics.uci.edu/ml/machine-learning-databases/housing/\n",
      "\n",
      "\n",
      "This dataset was taken from the StatLib library which is maintained at Carnegie Mellon University.\n",
      "\n",
      "The Boston house-price data of Harrison, D. and Rubinfeld, D.L. 'Hedonic\n",
      "prices and the demand for clean air', J. Environ. Economics & Management,\n",
      "vol.5, 81-102, 1978.   Used in Belsley, Kuh & Welsch, 'Regression diagnostics\n",
      "...', Wiley, 1980.   N.B. Various transformations are used in the table on\n",
      "pages 244-261 of the latter.\n",
      "\n",
      "The Boston house-price data has been used in many machine learning papers that address regression\n",
      "problems.   \n",
      "     \n",
      ".. topic:: References\n",
      "\n",
      "   - Belsley, Kuh & Welsch, 'Regression diagnostics: Identifying Influential Data and Sources of Collinearity', Wiley, 1980. 244-261.\n",
      "   - Quinlan,R. (1993). Combining Instance-Based and Model-Based Learning. In Proceedings on the Tenth International Conference of Machine Learning, 236-243, University of Massachusetts, Amherst. Morgan Kaufmann.\n",
      "\n"
     ]
    }
   ],
   "source": [
    "print(boston.DESCR)"
   ]
  },
  {
   "cell_type": "markdown",
   "metadata": {},
   "source": [
    "The dataset has 13 columns but in the DESCR output above there are 14 attributes. It mentions that MEDV (median value of houses) is usually the target. Opening the above link to the dataset gives a number of files. They are Housing names and Housing data. Opening these in a text editor doesn't simplify anything and the text above only gives a little background of the data itself. "
   ]
  },
  {
   "cell_type": "code",
   "execution_count": 93,
   "metadata": {},
   "outputs": [
    {
     "name": "stdout",
     "output_type": "stream",
     "text": [
      "['CRIM' 'ZN' 'INDUS' 'CHAS' 'NOX' 'RM' 'AGE' 'DIS' 'RAD' 'TAX' 'PTRATIO'\n",
      " 'B' 'LSTAT']\n"
     ]
    }
   ],
   "source": [
    "print(boston.feature_names) \n",
    "# ouput the feature names to check/understand what is in the columns since there are 14 attributs and 13 are listed "
   ]
  },
  {
   "cell_type": "code",
   "execution_count": 94,
   "metadata": {},
   "outputs": [
    {
     "name": "stdout",
     "output_type": "stream",
     "text": [
      "dict_keys(['data', 'target', 'feature_names', 'DESCR', 'filename'])\n"
     ]
    }
   ],
   "source": [
    "print (boston.keys()) # what else is in the dataset?"
   ]
  },
  {
   "cell_type": "markdown",
   "metadata": {},
   "source": [
    "The following print commands can be used to view the contents of each of the keys "
   ]
  },
  {
   "cell_type": "code",
   "execution_count": 95,
   "metadata": {},
   "outputs": [],
   "source": [
    "#print (boston.data)\n",
    "#print (boston.target)\n",
    "#print (boston.feature_names)\n",
    "#print (boston.filename)"
   ]
  },
  {
   "cell_type": "code",
   "execution_count": 96,
   "metadata": {},
   "outputs": [],
   "source": [
    "bos = pd.DataFrame(boston.data) \n",
    "# pass to pandas because it's still not 100% clear what is in this dataset\n",
    "# is easier to work with pandas"
   ]
  },
  {
   "cell_type": "code",
   "execution_count": 97,
   "metadata": {},
   "outputs": [
    {
     "name": "stdout",
     "output_type": "stream",
     "text": [
      "      0     1     2    3      4      5     6      7    8      9     10     11  \\\n",
      "0  0.006  18.0  2.31  0.0  0.538  6.575  65.2  4.090  1.0  296.0  15.3  396.9   \n",
      "1  0.027   0.0  7.07  0.0  0.469  6.421  78.9  4.967  2.0  242.0  17.8  396.9   \n",
      "\n",
      "     12  \n",
      "0  4.98  \n",
      "1  9.14  \n"
     ]
    }
   ],
   "source": [
    "print (bos.head(2)) # ok but what does this mean, there are only 13 here. Where is the price/ what are these numbers?"
   ]
  },
  {
   "cell_type": "code",
   "execution_count": 98,
   "metadata": {},
   "outputs": [
    {
     "name": "stdout",
     "output_type": "stream",
     "text": [
      "    CRIM    ZN  INDUS  CHAS    NOX     RM   AGE    DIS  RAD    TAX  PTRATIO  \\\n",
      "0  0.006  18.0   2.31   0.0  0.538  6.575  65.2  4.090  1.0  296.0     15.3   \n",
      "1  0.027   0.0   7.07   0.0  0.469  6.421  78.9  4.967  2.0  242.0     17.8   \n",
      "\n",
      "       B  LSTAT  MEDV  \n",
      "0  396.9   4.98  24.0  \n",
      "1  396.9   9.14  21.6  \n",
      "      CRIM   ZN  INDUS  CHAS    NOX     RM   AGE    DIS  RAD    TAX  PTRATIO  \\\n",
      "504  0.110  0.0  11.93   0.0  0.573  6.794  89.3  2.389  1.0  273.0     21.0   \n",
      "505  0.047  0.0  11.93   0.0  0.573  6.030  80.8  2.505  1.0  273.0     21.0   \n",
      "\n",
      "          B  LSTAT  MEDV  \n",
      "504  393.45   6.48  22.0  \n",
      "505  396.90   7.88  11.9  \n"
     ]
    }
   ],
   "source": [
    "bos.columns = boston.feature_names # add attributes to column names \n",
    "bos['MEDV'] = boston.target # add the median value (target value as described above)\n",
    "\n",
    "print(bos.head(2))\n",
    "print(bos.tail(2))"
   ]
  },
  {
   "cell_type": "markdown",
   "metadata": {},
   "source": [
    "It's useful to check if any values are missing from the dataset. In this case (below), there is no missing data. "
   ]
  },
  {
   "cell_type": "code",
   "execution_count": 99,
   "metadata": {},
   "outputs": [
    {
     "data": {
      "text/plain": [
       "CRIM       False\n",
       "ZN         False\n",
       "INDUS      False\n",
       "CHAS       False\n",
       "NOX        False\n",
       "RM         False\n",
       "AGE        False\n",
       "DIS        False\n",
       "RAD        False\n",
       "TAX        False\n",
       "PTRATIO    False\n",
       "B          False\n",
       "LSTAT      False\n",
       "MEDV       False\n",
       "dtype: bool"
      ]
     },
     "execution_count": 99,
     "metadata": {},
     "output_type": "execute_result"
    }
   ],
   "source": [
    "pd.isnull(bos).any() # check for missing data"
   ]
  },
  {
   "cell_type": "markdown",
   "metadata": {},
   "source": [
    "## Section 2  - Descriptive Statistics"
   ]
  },
  {
   "cell_type": "code",
   "execution_count": 100,
   "metadata": {
    "scrolled": true
   },
   "outputs": [
    {
     "name": "stdout",
     "output_type": "stream",
     "text": [
      "          CRIM       ZN    INDUS     CHAS      NOX       RM      AGE      DIS  \\\n",
      "count  506.000  506.000  506.000  506.000  506.000  506.000  506.000  506.000   \n",
      "mean     3.614   11.364   11.137    0.069    0.555    6.285   68.575    3.795   \n",
      "std      8.602   23.322    6.860    0.254    0.116    0.703   28.149    2.106   \n",
      "min      0.006    0.000    0.460    0.000    0.385    3.561    2.900    1.130   \n",
      "25%      0.082    0.000    5.190    0.000    0.449    5.886   45.025    2.100   \n",
      "50%      0.257    0.000    9.690    0.000    0.538    6.208   77.500    3.207   \n",
      "75%      3.677   12.500   18.100    0.000    0.624    6.623   94.075    5.188   \n",
      "max     88.976  100.000   27.740    1.000    0.871    8.780  100.000   12.127   \n",
      "\n",
      "           RAD      TAX  PTRATIO        B    LSTAT     MEDV  \n",
      "count  506.000  506.000  506.000  506.000  506.000  506.000  \n",
      "mean     9.549  408.237   18.456  356.674   12.653   22.533  \n",
      "std      8.707  168.537    2.165   91.295    7.141    9.197  \n",
      "min      1.000  187.000   12.600    0.320    1.730    5.000  \n",
      "25%      4.000  279.000   17.400  375.377    6.950   17.025  \n",
      "50%      5.000  330.000   19.050  391.440   11.360   21.200  \n",
      "75%     24.000  666.000   20.200  396.225   16.955   25.000  \n",
      "max     24.000  711.000   22.000  396.900   37.970   50.000  \n"
     ]
    }
   ],
   "source": [
    "set_option('precision', 3) #easier to look at decimal precison\n",
    "print (bos.describe()) # summary statistics. To swap rows with columns add (.T)"
   ]
  },
  {
   "cell_type": "code",
   "execution_count": 101,
   "metadata": {},
   "outputs": [
    {
     "name": "stdout",
     "output_type": "stream",
     "text": [
      "21.2\n",
      "22.532806324110677\n"
     ]
    }
   ],
   "source": [
    "# just want to check what the difference is between mean and median on the MEDV column\n",
    "# slightly confusing terminology between mean of median value and median of median values etc. etc.  \n",
    "median_price = np.median(boston.target)\n",
    "mean_price = np.mean(boston.target)\n",
    "print (median_price)\n",
    "print (mean_price)"
   ]
  },
  {
   "cell_type": "markdown",
   "metadata": {},
   "source": [
    "The summary is well presented using pandas and makes it infinitely easier to view the dataset. However, very little can be derived from just the summary. I'm certainly no expert on either boston or the housing market. Viewing the data graphically or understanding each attributes relationship to one another may give some insight into each attribute i.e. shape, distribution, outliers etc. "
   ]
  },
  {
   "cell_type": "code",
   "execution_count": 102,
   "metadata": {},
   "outputs": [
    {
     "data": {
      "text/html": [
       "<div>\n",
       "<style scoped>\n",
       "    .dataframe tbody tr th:only-of-type {\n",
       "        vertical-align: middle;\n",
       "    }\n",
       "\n",
       "    .dataframe tbody tr th {\n",
       "        vertical-align: top;\n",
       "    }\n",
       "\n",
       "    .dataframe thead th {\n",
       "        text-align: right;\n",
       "    }\n",
       "</style>\n",
       "<table border=\"1\" class=\"dataframe\">\n",
       "  <thead>\n",
       "    <tr style=\"text-align: right;\">\n",
       "      <th></th>\n",
       "      <th>CRIM</th>\n",
       "      <th>ZN</th>\n",
       "      <th>INDUS</th>\n",
       "      <th>CHAS</th>\n",
       "      <th>NOX</th>\n",
       "      <th>RM</th>\n",
       "      <th>AGE</th>\n",
       "      <th>DIS</th>\n",
       "      <th>RAD</th>\n",
       "      <th>TAX</th>\n",
       "      <th>PTRATIO</th>\n",
       "      <th>B</th>\n",
       "      <th>LSTAT</th>\n",
       "      <th>MEDV</th>\n",
       "    </tr>\n",
       "  </thead>\n",
       "  <tbody>\n",
       "    <tr>\n",
       "      <th>CRIM</th>\n",
       "      <td>1.000</td>\n",
       "      <td>-0.200</td>\n",
       "      <td>0.407</td>\n",
       "      <td>-0.056</td>\n",
       "      <td>0.421</td>\n",
       "      <td>-0.219</td>\n",
       "      <td>0.353</td>\n",
       "      <td>-0.380</td>\n",
       "      <td>0.626</td>\n",
       "      <td>0.583</td>\n",
       "      <td>0.290</td>\n",
       "      <td>-0.385</td>\n",
       "      <td>0.456</td>\n",
       "      <td>-0.388</td>\n",
       "    </tr>\n",
       "    <tr>\n",
       "      <th>ZN</th>\n",
       "      <td>-0.200</td>\n",
       "      <td>1.000</td>\n",
       "      <td>-0.534</td>\n",
       "      <td>-0.043</td>\n",
       "      <td>-0.517</td>\n",
       "      <td>0.312</td>\n",
       "      <td>-0.570</td>\n",
       "      <td>0.664</td>\n",
       "      <td>-0.312</td>\n",
       "      <td>-0.315</td>\n",
       "      <td>-0.392</td>\n",
       "      <td>0.176</td>\n",
       "      <td>-0.413</td>\n",
       "      <td>0.360</td>\n",
       "    </tr>\n",
       "    <tr>\n",
       "      <th>INDUS</th>\n",
       "      <td>0.407</td>\n",
       "      <td>-0.534</td>\n",
       "      <td>1.000</td>\n",
       "      <td>0.063</td>\n",
       "      <td>0.764</td>\n",
       "      <td>-0.392</td>\n",
       "      <td>0.645</td>\n",
       "      <td>-0.708</td>\n",
       "      <td>0.595</td>\n",
       "      <td>0.721</td>\n",
       "      <td>0.383</td>\n",
       "      <td>-0.357</td>\n",
       "      <td>0.604</td>\n",
       "      <td>-0.484</td>\n",
       "    </tr>\n",
       "    <tr>\n",
       "      <th>CHAS</th>\n",
       "      <td>-0.056</td>\n",
       "      <td>-0.043</td>\n",
       "      <td>0.063</td>\n",
       "      <td>1.000</td>\n",
       "      <td>0.091</td>\n",
       "      <td>0.091</td>\n",
       "      <td>0.087</td>\n",
       "      <td>-0.099</td>\n",
       "      <td>-0.007</td>\n",
       "      <td>-0.036</td>\n",
       "      <td>-0.122</td>\n",
       "      <td>0.049</td>\n",
       "      <td>-0.054</td>\n",
       "      <td>0.175</td>\n",
       "    </tr>\n",
       "    <tr>\n",
       "      <th>NOX</th>\n",
       "      <td>0.421</td>\n",
       "      <td>-0.517</td>\n",
       "      <td>0.764</td>\n",
       "      <td>0.091</td>\n",
       "      <td>1.000</td>\n",
       "      <td>-0.302</td>\n",
       "      <td>0.731</td>\n",
       "      <td>-0.769</td>\n",
       "      <td>0.611</td>\n",
       "      <td>0.668</td>\n",
       "      <td>0.189</td>\n",
       "      <td>-0.380</td>\n",
       "      <td>0.591</td>\n",
       "      <td>-0.427</td>\n",
       "    </tr>\n",
       "    <tr>\n",
       "      <th>RM</th>\n",
       "      <td>-0.219</td>\n",
       "      <td>0.312</td>\n",
       "      <td>-0.392</td>\n",
       "      <td>0.091</td>\n",
       "      <td>-0.302</td>\n",
       "      <td>1.000</td>\n",
       "      <td>-0.240</td>\n",
       "      <td>0.205</td>\n",
       "      <td>-0.210</td>\n",
       "      <td>-0.292</td>\n",
       "      <td>-0.356</td>\n",
       "      <td>0.128</td>\n",
       "      <td>-0.614</td>\n",
       "      <td>0.695</td>\n",
       "    </tr>\n",
       "    <tr>\n",
       "      <th>AGE</th>\n",
       "      <td>0.353</td>\n",
       "      <td>-0.570</td>\n",
       "      <td>0.645</td>\n",
       "      <td>0.087</td>\n",
       "      <td>0.731</td>\n",
       "      <td>-0.240</td>\n",
       "      <td>1.000</td>\n",
       "      <td>-0.748</td>\n",
       "      <td>0.456</td>\n",
       "      <td>0.506</td>\n",
       "      <td>0.262</td>\n",
       "      <td>-0.274</td>\n",
       "      <td>0.602</td>\n",
       "      <td>-0.377</td>\n",
       "    </tr>\n",
       "    <tr>\n",
       "      <th>DIS</th>\n",
       "      <td>-0.380</td>\n",
       "      <td>0.664</td>\n",
       "      <td>-0.708</td>\n",
       "      <td>-0.099</td>\n",
       "      <td>-0.769</td>\n",
       "      <td>0.205</td>\n",
       "      <td>-0.748</td>\n",
       "      <td>1.000</td>\n",
       "      <td>-0.495</td>\n",
       "      <td>-0.534</td>\n",
       "      <td>-0.232</td>\n",
       "      <td>0.292</td>\n",
       "      <td>-0.497</td>\n",
       "      <td>0.250</td>\n",
       "    </tr>\n",
       "    <tr>\n",
       "      <th>RAD</th>\n",
       "      <td>0.626</td>\n",
       "      <td>-0.312</td>\n",
       "      <td>0.595</td>\n",
       "      <td>-0.007</td>\n",
       "      <td>0.611</td>\n",
       "      <td>-0.210</td>\n",
       "      <td>0.456</td>\n",
       "      <td>-0.495</td>\n",
       "      <td>1.000</td>\n",
       "      <td>0.910</td>\n",
       "      <td>0.465</td>\n",
       "      <td>-0.444</td>\n",
       "      <td>0.489</td>\n",
       "      <td>-0.382</td>\n",
       "    </tr>\n",
       "    <tr>\n",
       "      <th>TAX</th>\n",
       "      <td>0.583</td>\n",
       "      <td>-0.315</td>\n",
       "      <td>0.721</td>\n",
       "      <td>-0.036</td>\n",
       "      <td>0.668</td>\n",
       "      <td>-0.292</td>\n",
       "      <td>0.506</td>\n",
       "      <td>-0.534</td>\n",
       "      <td>0.910</td>\n",
       "      <td>1.000</td>\n",
       "      <td>0.461</td>\n",
       "      <td>-0.442</td>\n",
       "      <td>0.544</td>\n",
       "      <td>-0.469</td>\n",
       "    </tr>\n",
       "    <tr>\n",
       "      <th>PTRATIO</th>\n",
       "      <td>0.290</td>\n",
       "      <td>-0.392</td>\n",
       "      <td>0.383</td>\n",
       "      <td>-0.122</td>\n",
       "      <td>0.189</td>\n",
       "      <td>-0.356</td>\n",
       "      <td>0.262</td>\n",
       "      <td>-0.232</td>\n",
       "      <td>0.465</td>\n",
       "      <td>0.461</td>\n",
       "      <td>1.000</td>\n",
       "      <td>-0.177</td>\n",
       "      <td>0.374</td>\n",
       "      <td>-0.508</td>\n",
       "    </tr>\n",
       "    <tr>\n",
       "      <th>B</th>\n",
       "      <td>-0.385</td>\n",
       "      <td>0.176</td>\n",
       "      <td>-0.357</td>\n",
       "      <td>0.049</td>\n",
       "      <td>-0.380</td>\n",
       "      <td>0.128</td>\n",
       "      <td>-0.274</td>\n",
       "      <td>0.292</td>\n",
       "      <td>-0.444</td>\n",
       "      <td>-0.442</td>\n",
       "      <td>-0.177</td>\n",
       "      <td>1.000</td>\n",
       "      <td>-0.366</td>\n",
       "      <td>0.333</td>\n",
       "    </tr>\n",
       "    <tr>\n",
       "      <th>LSTAT</th>\n",
       "      <td>0.456</td>\n",
       "      <td>-0.413</td>\n",
       "      <td>0.604</td>\n",
       "      <td>-0.054</td>\n",
       "      <td>0.591</td>\n",
       "      <td>-0.614</td>\n",
       "      <td>0.602</td>\n",
       "      <td>-0.497</td>\n",
       "      <td>0.489</td>\n",
       "      <td>0.544</td>\n",
       "      <td>0.374</td>\n",
       "      <td>-0.366</td>\n",
       "      <td>1.000</td>\n",
       "      <td>-0.738</td>\n",
       "    </tr>\n",
       "    <tr>\n",
       "      <th>MEDV</th>\n",
       "      <td>-0.388</td>\n",
       "      <td>0.360</td>\n",
       "      <td>-0.484</td>\n",
       "      <td>0.175</td>\n",
       "      <td>-0.427</td>\n",
       "      <td>0.695</td>\n",
       "      <td>-0.377</td>\n",
       "      <td>0.250</td>\n",
       "      <td>-0.382</td>\n",
       "      <td>-0.469</td>\n",
       "      <td>-0.508</td>\n",
       "      <td>0.333</td>\n",
       "      <td>-0.738</td>\n",
       "      <td>1.000</td>\n",
       "    </tr>\n",
       "  </tbody>\n",
       "</table>\n",
       "</div>"
      ],
      "text/plain": [
       "          CRIM     ZN  INDUS   CHAS    NOX     RM    AGE    DIS    RAD    TAX  \\\n",
       "CRIM     1.000 -0.200  0.407 -0.056  0.421 -0.219  0.353 -0.380  0.626  0.583   \n",
       "ZN      -0.200  1.000 -0.534 -0.043 -0.517  0.312 -0.570  0.664 -0.312 -0.315   \n",
       "INDUS    0.407 -0.534  1.000  0.063  0.764 -0.392  0.645 -0.708  0.595  0.721   \n",
       "CHAS    -0.056 -0.043  0.063  1.000  0.091  0.091  0.087 -0.099 -0.007 -0.036   \n",
       "NOX      0.421 -0.517  0.764  0.091  1.000 -0.302  0.731 -0.769  0.611  0.668   \n",
       "RM      -0.219  0.312 -0.392  0.091 -0.302  1.000 -0.240  0.205 -0.210 -0.292   \n",
       "AGE      0.353 -0.570  0.645  0.087  0.731 -0.240  1.000 -0.748  0.456  0.506   \n",
       "DIS     -0.380  0.664 -0.708 -0.099 -0.769  0.205 -0.748  1.000 -0.495 -0.534   \n",
       "RAD      0.626 -0.312  0.595 -0.007  0.611 -0.210  0.456 -0.495  1.000  0.910   \n",
       "TAX      0.583 -0.315  0.721 -0.036  0.668 -0.292  0.506 -0.534  0.910  1.000   \n",
       "PTRATIO  0.290 -0.392  0.383 -0.122  0.189 -0.356  0.262 -0.232  0.465  0.461   \n",
       "B       -0.385  0.176 -0.357  0.049 -0.380  0.128 -0.274  0.292 -0.444 -0.442   \n",
       "LSTAT    0.456 -0.413  0.604 -0.054  0.591 -0.614  0.602 -0.497  0.489  0.544   \n",
       "MEDV    -0.388  0.360 -0.484  0.175 -0.427  0.695 -0.377  0.250 -0.382 -0.469   \n",
       "\n",
       "         PTRATIO      B  LSTAT   MEDV  \n",
       "CRIM       0.290 -0.385  0.456 -0.388  \n",
       "ZN        -0.392  0.176 -0.413  0.360  \n",
       "INDUS      0.383 -0.357  0.604 -0.484  \n",
       "CHAS      -0.122  0.049 -0.054  0.175  \n",
       "NOX        0.189 -0.380  0.591 -0.427  \n",
       "RM        -0.356  0.128 -0.614  0.695  \n",
       "AGE        0.262 -0.274  0.602 -0.377  \n",
       "DIS       -0.232  0.292 -0.497  0.250  \n",
       "RAD        0.465 -0.444  0.489 -0.382  \n",
       "TAX        0.461 -0.442  0.544 -0.469  \n",
       "PTRATIO    1.000 -0.177  0.374 -0.508  \n",
       "B         -0.177  1.000 -0.366  0.333  \n",
       "LSTAT      0.374 -0.366  1.000 -0.738  \n",
       "MEDV      -0.508  0.333 -0.738  1.000  "
      ]
     },
     "execution_count": 102,
     "metadata": {},
     "output_type": "execute_result"
    }
   ],
   "source": [
    "corr = bos.corr() # create a correlation plot. I'm using the set_option ('precision',3) as above in the summary table\n",
    "corr # call it"
   ]
  },
  {
   "cell_type": "code",
   "execution_count": 103,
   "metadata": {},
   "outputs": [
    {
     "data": {
      "text/plain": [
       "<matplotlib.axes._subplots.AxesSubplot at 0x234ba617208>"
      ]
     },
     "execution_count": 103,
     "metadata": {},
     "output_type": "execute_result"
    },
    {
     "data": {
